0.21523,0.010367,0.011509,0.045056,0.094182,0.00039116,0.00064983,2.2941e-05,4.2613e-06,2.7423e-07,6.382e-05,8.2737e-07,0.0010731,4.3903e-06,0.00019365,7.9385e-06,3.1281e-06,0.00056109,0.00012486,0.009774,1.3819e-06,8.4522e-07,1.5277e-07,-4.2982e-16,5.5401e-07,0.00015993,0.00032001,0.00029675,0.0014481,0.0044141,0.0011433,5.9393e-05,0.00027157,0.00034116,1.138e-07,0.00017151,5.9151e-05,3.7054e-05,0.0023185,0.00026198,0.00056455,7.7287e-05,0.001882,0.00032951,0.0011299,0.018273,0.0084456,0.032234,4.6027e-05,0.00020872,4.1096e-06,0.002728,0.0033564,0.00066253,7.6795e-05,0.00061249,0.0010801,0.0010684,0.00058904,0.0082244,0.007239,0.0052661,0.0089763,0.007462,0.0070269,0.0055213,0.0048796,0.0077482,0.0058509,0.0052439,0.010216,0.010192,0.0083653,0.01181,0.0071124,0.0096286,0.0048206,0.0051467,0.0071419,0.0072302,0.0056629,0.0034443,0.0049798,0.032693,0.038436,0.036259,0.031756,0.005316,0.0032411,0.0060645,0.006402,0.0077365,0.0040449,0.00045081,0.0042852,0.0038726,0.0031959,0.0063355,0.012438,0.020646,0.0027552,0.0016712,7.6363e-05,5.4583e-05,9.9101e-05,4.5682e-05,8.1286e-05,2.1199e-06,1.5559e-06,9.5309e-07,2.8588e-08,4.0081e-05,0.00099208,0.0016491,0.0011658,0.00016437,0.0001642,0.0012538,0.00053448,0.0015647,0.00051517,0.0012735,0.00057831,0.0015732,0.00060093,0.0010747,0.00033446,0.00036346,5.2536e-06,0.0032411,0.004345,0.0012427,0.028789,2.6064e-09
0.010367,0.021785,0.0027213,0.0028515,0.003079,9.1291e-05,3.4848e-05,1.7266e-06,2.6106e-07,1.1258e-05,1.4204e-05,1.4111e-07,3.0492e-05,6.0778e-10,5.7466e-06,1.9755e-06,8.0362e-07,3.9956e-05,3.667e-06,0.00094453,2.7413e-07,3.6622e-08,2.0326e-07,5.9104e-16,4.2363e-06,9.9442e-06,3.3088e-05,3.8776e-05,0.00014978,0.00026899,0.00029463,2.7897e-08,3.5297e-05,2.5961e-05,5.2003e-08,1.1304e-05,6.8532e-06,1.9695e-06,0.00036788,0.00013724,0.00030861,2.7187e-05,0.00052983,3.9532e-05,0.00016636,0.004712,0.0064332,0.0036519,6.8532e-06,1.6287e-05,6.2027e-05,0.0010053,0.0025237,0.00053872,9.8152e-05,0.00032701,0.00046659,0.00039576,0.00028768,0.00058503,0.00050432,0.00047429,0.00067351,0.00057885,0.00052098,0.00030059,0.00044213,0.00057537,0.00044387,0.00062197,0.00085032,0.00082657,0.0006028,0.00088913,0.00090267,0.00078568,0.00039961,0.00045336,0.00075223,0.00070284,0.00045368,0.00024559,0.0012063,0.0018436,0.0022614,0.0022529,0.0019745,0.00039177,0.00015079,0.00025483,0.00012769,0.00066767,0.00025973,0.00010334,0.00039974,0.00028389,0.0002156,0.00033664,0.00032775,0.00075156,0.00060358,0.00028504,1.1491e-07,1.4215e-06,2.4738e-05,1.7649e-06,4.1062e-05,8.3465e-06,2.2347e-07,8.558e-06,2.6928e-06,2.3958e-05,4.6079e-05,0.00025362,0.00016485,2.1609e-05,3.1817e-05,0.00010102,9.0566e-06,5.594e-05,7.9462e-07,4.9009e-05,4.6521e-06,3.9426e-05,1.0375e-05,2.8189e-05,5.4315e-06,7.1263e-05,5.621e-06,0.00015079,0.0003297,8.0506e-05,0.0017594,3.3707e-07
0.011509,0.0027213,0.023961,0.0029404,0.0026153,6.0754e-05,9.8778e-05,1.4867e-08,1.4812e-06,3.1791e-05,2.3567e-06,7.5165e-08,8.6345e-06,3.0764e-06,1.6671e-05,1.7591e-07,3.8805e-05,4.577e-05,4.7775e-05,0.00062558,2.2914e-07,8.7975e-07,2.5459e-07,4.1008e-16,7.775e-07,3.4465e-06,2.9998e-05,2.7121e-05,0.00023175,0.00066461,0.00037032,1.345e-08,3.3511e-06,2.693e-05,3.3809e-10,2.0369e-05,3.764e-06,8.9999e-06,0.00040491,0.00014249,9.7904e-05,2.1185e-05,0.0012556,3.0046e-05,0.00031473,0.0064713,0.0022109,0.0027876,6.0802e-07,1.9616e-05,3.1985e-05,0.0019194,0.00089713,0.00046669,0.0001322,0.00033779,0.00065112,0.0010838,0.00049641,0.00053836,0.00068204,0.00050891,0.00050421,0.00050631,0.00043617,0.0002216,0.00042646,0.00045925,0.00039542,0.00036258,0.0009896,0.0012355,0.0010785,0.00093482,0.00053251,0.00096096,0.00040706,0.00045426,0.00027274,0.00039047,0.00039825,0.00020875,0.00093938,0.0011994,0.0014054,0.0016981,0.0011704,0.0002,0.00012734,0.00030891,0.00023641,0.00051946,0.00034299,3.2711e-05,0.00034289,0.00038457,0.0004247,0.000448,0.00021803,0.000652,0.0005088,0.00029593,1.049e-07,8.5285e-08,1.9052e-05,9.4249e-07,7.7979e-06,2.2717e-07,2.481e-07,2.6517e-07,1.0163e-06,2.3023e-05,2.5872e-05,0.00014648,0.00019617,1.5544e-05,5.0405e-06,0.00016625,3.2741e-05,0.00012828,2.8456e-06,0.0001522,1.0746e-05,0.00014174,2.92e-05,9.5901e-05,1.2008e-05,0.00010478,2.3526e-06,0.00012734,0.00030315,7.9774e-05,0.0014122,3.2301e-05
0.045056,0.0028515,0.0029404,0.077616,0.010362,5.9924e-05,1.3138e-05,7.8468e-08,1.961e-07,2.0998e-05,9.0129e-05,5.9116e-07,4.492e-05,2.9183e-07,4.2705e-05,1.4481e-06,2.4846e-05,0.00037373,7.45e-05,0.002472,4.8504e-09,6.0307e-07,6.7193e-09,-3.9108e-16,6.0786e-07,0.00013418,6.9723e-05,0.00014433,0.00062573,0.0019832,0.00092311,1.9539e-05,7.8347e-05,0.00030032,2.8539e-06,0.00016233,3.8953e-05,4.283e-05,0.0011208,0.00025607,0.000282,4.9077e-05,0.00086442,3.989e-05,0.00064043,0.0096774,0.0035614,0.0086662,1.5798e-05,0.00010887,0.00010806,0.0011901,0.0013252,0.00036185,9.0064e-05,0.00039163,0.00053772,0.00064908,0.00043167,0.0019092,0.0018049,0.0014559,0.0021935,0.0021373,0.00098426,0.00073866,0.00096607,0.001413,0.00095284,0.00077829,0.0021545,0.0029867,0.0023036,0.0021972,0.0016828,0.0022006,0.00088234,0.0010735,0.00218,0.0018088,0.0013422,0.0011865,0.003012,0.0059486,0.0064569,0.0057843,0.0058694,0.0011812,0.00041079,0.00087932,0.00067007,0.00099386,0.001233,0.00034558,0.00087901,0.00066314,0.00052122,0.0013159,0.0010885,0.0022701,0.00098961,0.00055276,6.5577e-05,3.3162e-05,5.1449e-05,1.0636e-05,0.00024488,2.1972e-05,2.8324e-07,1.4042e-07,1.4047e-06,1.7712e-06,0.00029857,0.00048043,0.00014901,8.4074e-05,9.967e-05,0.00047404,0.00013721,0.00038692,0.00012045,0.00028977,0.0001057,0.00043831,0.00029193,0.00040534,7.397e-05,2.8667e-05,1.6599e-05,0.00041079,0.0010171,0.00018653,0.0062072,2.3025e-05
0.094182,0.003079,0.0026153,0.010362,0.13449,0.00021112,0.00059314,3.5839e-05,3.2908e-06,7.5003e-07,4.9335e-05,5.0835e-07,0.001341,2.5949e-06,0.00032279,4.0233e-05,8.3971e-06,0.00050267,0.00030843,0.0080946,3.959e-08,2.0696e-06,7.8567e-07,-5.7591e-16,3.7504e-06,1.9107e-05,0.00031108,9.8394e-05,0.00031832,0.0018684,9.6274e-05,5.8975e-05,0.00016153,0.00016704,3.8609e-07,1.7125e-05,3.5775e-05,2.1219e-05,0.0014033,0.00018659,0.000224,2.397e-06,0.00020239,0.00033113,0.00069159,0.0041423,0.0019913,0.023673,1.3799e-05,6.9649e-05,2.7842e-06,0.00073233,0.0010283,0.00024033,5.5514e-05,0.00024205,0.00023193,0.00019827,0.00016013,0.0082348,0.0071138,0.005695,0.0086121,0.0068464,0.0076654,0.0069811,0.0053677,0.0083235,0.0059354,0.0048397,0.0087291,0.010102,0.0085722,0.01185,0.0079067,0.0096589,0.0056183,0.0052038,0.0070463,0.0083372,0.0043564,0.00169,0.0013928,0.028504,0.036583,0.035151,0.031354,0.0058116,0.0041254,0.0070692,0.0074958,0.0093896,0.0035036,0.00015666,0.0030807,0.003019,0.0025248,0.0061335,0.01432,0.022644,0.0013187,0.00049597,5.9187e-05,1.5308e-05,4.358e-05,2.8843e-05,0.00013067,1.0736e-05,2.6856e-07,1.8327e-06,6.3343e-07,1.197e-05,0.0010529,0.0014452,0.00078111,6.3531e-05,5.8905e-05,0.0010915,0.00055987,0.001298,0.00051988,0.0012847,0.00059857,0.0014114,0.00063038,0.001081,0.00035727,0.00027507,5.8037e-06,0.0041254,0.0045748,0.0013583,0.026176,1.4754e-06
0.00039116,9.1291e-05,6.0754e-05,5.9924e-05,0.00021112,0.075269,0.0075947,4.0907e-05,0.00059833,0.014962,0.00075972,1.4956e-05,0.013286,0.00034568,0.0095324,0.00041221,0.00045558,2.228e-06,0.0031841,3.4249e-05,1.2291e-07,2.4501e-06,2.1178e-09,-1.5392e-15,4.0176e-06,1.625e-06,2.1097e-05,7.876e-05,1.6504e-05,0.00035625,4.9449e-05,1.2466e-05,1.5507e-05,2.5718e-05,1.1224e-05,1.8759e-05,3.0728e-06,9.1261e-09,9.5177e-05,4.3204e-06,2.6114e-05,1.0766e-06,0.00013344,0.00010642,4.7294e-06,3.122e-05,8.647e-05,0.00061371,2.0006e-05,0.0001008,0.0020953,4.6025e-06,1.4657e-06,2.0131e-05,2.2338e-06,8.655e-08,2.7499e-07,1.616e-05,9.4074e-06,1.1026e-05,2.9156e-05,2.861e-05,2.068e-07,5.4401e-05,6.2405e-05,2.9888e-05,2.0238e-06,2.9195e-05,3.3516e-05,0.00013922,6.3293e-05,1.7043e-05,3.8268e-05,8.5999e-05,3.3719e-05,2.8433e-05,6.1751e-09,6.1183e-08,8.8361e-05,1.9862e-08,0.00030577,0.00014257,3.1863e-05,0.00060485,0.00029445,0.00039753,0.00026383,2.6832e-05,0.00016892,0.00040346,0.00048693,0.00057667,4.6115e-05,9.006e-05,0.00075614,0.0011973,0.0010968,0.00028319,0.0010726,0.0018445,8.3571e-06,4.0589e-06,1.8059e-05,2.2958e-05,1.3773e-05,7.9023e-07,0.0014455,2.2083e-05,9.3473e-07,2.9718e-07,1.9666e-06,7.8381e-05,0.00012916,3.5847e-05,0.00015715,8.8614e-06,1.4993e-05,7.0899e-06,1.7697e-05,9.5976e-05,9.7461e-06,7.8069e-05,2.6584e-06,6.1438e-05,3.3857e-05,0.00015939,4.1398e-06,4.8194e-05,0.00010019,0.00016892,8.1863e-05,4.5362e-05,0.00071591,0.0029709
0.00064983,3.4848e-05,9.8778e-05,1.3138e-05,0.00059314,0.0075947,0.15423,7.3608e-05,3.4089e-05,0.013553,0.00013915,3.368e-06,0.0031866,2.4528e-05,0.0009927,0.00022046,0.0002104,0.00029805,0.003026,0.00027539,6.9823e-06,3.2886e-06,5.9908e-07,8.9144e-16,1.9655e-05,5.66e-07,3.0435e-05,3.6137e-06,9.5123e-05,1.7334e-05,1.0042e-05,2.0949e-05,2.4629e-06,4.4001e-05,2.2917e-05,8.1354e-06,2.1152e-05,3.053e-07,0.00048008,0.00019528,3.6436e-05,1.4742e-08,1.4289e-07,0.0002264,3.9707e-05,2.663e-05,0.00011213,0.0026746,1.4997e-07,6.2483e-05,0.0021742,4.1659e-05,5.8175e-05,6.4239e-05,1.1825e-05,1.9628e-07,2.1276e-06,2.0305e-06,1.704e-06,0.0010073,0.0008563,0.0003594,0.00069627,0.00094723,0.0014606,0.0010074,0.00046802,0.001081,0.0013955,0.00065494,0.0013083,0.00080281,0.0011015,0.0017333,0.00076259,0.001858,0.00074567,0.00036158,0.00025093,0.00035319,0.00087899,0.00038496,0.0001181,0.0034137,0.0035058,0.0028304,0.0020223,0.00014539,0.0011304,0.0013856,0.0018335,0.0014734,0.0006885,0.00049896,0.0016757,0.0025983,0.0023168,0.0018778,0.0048409,0.0087426,0.00010479,4.0259e-05,4.3641e-06,8.5231e-06,6.8748e-05,1.7191e-05,0.00088556,0.00013501,1.2968e-06,1.7291e-06,3.5618e-07,0.00014789,0.00038287,0.00016676,0.00052911,6.9688e-06,5.8692e-06,0.00035401,0.00025505,0.00023022,0.000425,8.4219e-05,0.00020431,7.4425e-05,8.0409e-05,6.2369e-05,2.2914e-05,3.0504e-05,2.4933e-05,0.0011304,0.00091561,0.00084476,0.0045958,0.0062019
2.2941e-05,1.7266e-06,1.4867e-08,7.8468e-08,3.5839e-05,4.0907e-05,7.3608e-05,0.0014611,4.5695e-08,1.1843e-05,3.6361e-05,2.0003e-07,7.9561e-05,3.5017e-06,2.5678e-05,9.1689e-06,1.1905e-06,1.4057e-07,6.1961e-07,8.992e-06,6.2563e-08,3.3207e-08,4.8775e-08,-1.7063e-16,5.4885e-06,2.4974e-07,2.1734e-06,2.4959e-08,1.9333e-06,3.9573e-06,1.3447e-06,2.0705e-06,2.061e-06,1.1977e-06,8.874e-10,1.4918e-09,4.6537e-06,5.47e-09,9.2944e-06,2.7639e-07,2.9094e-07,6.8774e-08,2.7664e-06,7.2785e-06,2.2085e-07,5.3655e-08,6.9205e-08,2.3384e-05,1.1946e-08,3.0851e-06,3.2964e-06,2.4443e-06,8.5046e-06,3.0493e-12,1.0093e-08,9.0595e-07,2.0496e-06,3.6788e-06,1.5309e-06,5.842e-08,1.6513e-06,3.5105e-08,8.8708e-07,9.3612e-07,7.5115e-06,2.5508e-06,1.5245e-05,8.6043e-06,6.4609e-06,1.2486e-05,1.4918e-05,5.9468e-06,9.1167e-06,8.1325e-06,1.7234e-05,6.9297e-06,9.3546e-06,1.4228e-06,2.2366e-07,3.0137e-08,5.0894e-07,2.7445e-07,1.7505e-06,4.1947e-05,4.6915e-05,7.1837e-05,5.2122e-05,1.3648e-05,3.5055e-05,5.1875e-05,7.7162e-05,4.3933e-05,8.1411e-06,1.1016e-06,1.1507e-05,6.5503e-05,6.1426e-05,2.3348e-05,0.00019851,0.00018902,6.2191e-06,2.3574e-06,1.1088e-06,4.8562e-07,1.3223e-09,1.8737e-07,1.7217e-05,8.0786e-07,1.3189e-08,1.9068e-07,8.8148e-09,3.6058e-07,4.8154e-06,1.7522e-05,4.8416e-06,2.2237e-07,1.3593e-06,2.7848e-05,6.6377e-06,2.9961e-05,1.1668e-05,1.6918e-05,3.3287e-06,2.6652e-05,6.5479e-07,2.0835e-05,7.5889e-07,1.2543e-06,7.3625e-06,3.5055e-05,6.202e-06,8.6459e-06,0.00010475,7.8928e-05
4.2613e-06,2.6106e-07,1.4812e-06,1.961e-07,3.2908e-06,0.00059833,3.4089e-05,4.5695e-08,0.019693,1.1813e-07,2.9663e-05,1.9148e-06,0.00019596,2.9699e-05,0.00021593,4.188e-05,1.0692e-05,1.8055e-06,1.6099e-06,4.1104e-06,3.2315e-07,6.4757e-07,2.4964e-07,-3.3488e-16,1.6858e-06,1.3736e-07,1.0173e-07,4.3219e-11,5.1733e-07,4.9275e-08,3.7632e-06,2.0848e-07,4.7863e-06,1.9248e-07,2.2512e-07,2.5896e-07,3.3149e-07,5.0894e-07,3.6811e-06,1.4378e-06,1.4747e-06,9.4888e-07,7.755e-08,2.3084e-06,1.2212e-07,5.2772e-07,5.4424e-06,7.1761e-06,1.059e-06,7.9334e-07,3.0705e-05,1.1877e-07,1.3552e-06,4.6316e-06,3.723e-07,1.1789e-08,1.6601e-05,1.6108e-05,2.2625e-06,1.8665e-05,1.2527e-06,2.7825e-06,2.1989e-07,2.5337e-06,2.7117e-06,9.0994e-06,3.0337e-07,4.2896e-07,1.9577e-06,2.0439e-05,1.57e-05,6.6667e-06,5.3946e-06,2.4369e-05,2.2012e-05,9.2693e-06,3.8184e-06,1.9439e-06,2.4097e-06,4.3949e-05,9.9287e-06,3.3304e-05,3.9332e-06,1.3024e-05,4.8733e-05,7.4694e-06,5.1753e-07,3.0139e-06,1.2231e-05,3.1297e-05,1.025e-05,1.064e-06,5.5834e-06,5.8409e-06,5.0457e-08,5.6837e-06,8.0817e-07,1.1402e-05,9.5056e-06,2.7922e-05,3.1497e-05,2.4617e-06,9.8464e-09,1.4064e-06,5.8059e-06,1.5199e-06,8.3116e-05,2.8055e-06,3.5495e-11,6.4443e-07,5.1703e-06,3.9105e-05,5.972e-06,2.9799e-05,1.0801e-05,1.5994e-06,8.2397e-06,2.6313e-05,2.2216e-06,1.9177e-05,6.6934e-06,1.5003e-05,1.3729e-06,2.0589e-05,7.3925e-07,1.5588e-05,2.4325e-06,1.6275e-05,3.0803e-06,1.2231e-05,2.8169e-06,7.6876e-06,6.1459e-06,0.00012742
2.7423e-07,1.1258e-05,3.1791e-05,2.0998e-05,7.5003e-07,0.014962,0.013553,1.1843e-05,1.1813e-07,0.22068,6.0423e-05,1.8173e-05,0.0014719,0.00024871,0.00054894,9.168e-05,0.0025248,0.00052442,0.0069722,0.00056299,1.462e-06,1.9735e-06,6.8882e-08,-7.5956e-16,4.986e-05,3.8469e-07,1.9999e-05,2.8376e-06,0.00011259,5.7796e-06,0.00013976,1.1426e-06,6.1183e-06,1.2061e-05,1.6848e-05,6.6249e-06,5.8525e-06,2.8755e-05,6.8595e-05,5.0837e-05,2.0463e-05,1.1633e-05,0.00025471,0.00012199,2.256e-06,2.4301e-05,7.4525e-06,0.00019318,5.8525e-06,2.9054e-05,0.005769,3.1456e-06,8.8844e-06,6.037e-07,3.3057e-10,1.6825e-05,2.4496e-05,1.4555e-07,1.2474e-05,0.00043137,0.00023629,0.00024365,0.00069842,0.00012211,0.00051863,0.00018881,0.00051873,0.00023284,0.00032918,8.2774e-05,0.00013678,3.3484e-05,2.2051e-05,8.3745e-05,0.00030816,2.269e-05,9.3102e-05,0.00025916,0.00071334,9.1266e-06,1.8222e-05,0.00031589,1.1894e-05,0.00014662,7.9645e-06,0.00017918,0.00010828,1.2304e-05,8.065e-05,0.00018617,0.00029033,3.8037e-05,4.6033e-05,3.9458e-05,0.00075134,0.00068634,0.00072724,7.3984e-05,0.00067107,0.00060562,1.6231e-06,3.0303e-05,8.8379e-06,1.776e-05,3.7039e-05,4.2257e-06,0.0059485,5.4662e-05,2.4912e-07,1.4202e-05,1.5444e-05,0.00035707,0.00069353,0.00043811,5.51e-05,2.0326e-05,2.229e-05,2.5113e-05,0.0001446,0.00018171,0.00016412,0.00013771,0.00014975,0.0001262,0.00034226,0.0002234,0.00020215,4.4101e-05,0.00025206,8.065e-05,3.0507e-05,5.1391e-06,0.00064888,0.0041152
6.382e-05,1.4204e-05,2.3567e-06,9.0129e-05,4.9335e-05,0.00075972,0.00013915,3.6361e-05,2.9663e-05,6.0423e-05,0.026579,3.1319e-05,0.00024779,0.00010517,0.00028745,0.00038999,5.7965e-06,2.257e-05,6.4956e-07,5.9508e-05,2.3032e-07,2.7531e-06,4.6604e-06,-8.8898e-16,1.3744e-06,9.0478e-07,1.4428e-05,5.2251e-06,1.5948e-06,8.4255e-05,5.8459e-05,1.3221e-05,2.9703e-06,4.8133e-07,1.2968e-06,4.0193e-06,3.7879e-06,1.7706e-06,3.8523e-05,5.1467e-07,2.8985e-06,2.8894e-06,2.0516e-05,2.0685e-05,5.6696e-05,0.00010596,1.5536e-05,0.00012169,3.4379e-07,3.7225e-05,4.2656e-05,2.7989e-05,8.1324e-05,2.8936e-05,4.7267e-06,1.3098e-05,1.5609e-05,1.8595e-06,3.5557e-07,3.9584e-05,4.4689e-05,9.496e-05,0.00014541,0.00012019,7.9275e-05,5.6472e-05,2.864e-05,7.2197e-05,4.2437e-05,0.00013941,9.7106e-05,4.4596e-05,3.4666e-05,4.5019e-05,4.337e-05,5.8805e-05,3.1342e-05,2.3077e-05,8.6857e-05,4.0764e-05,0.00037368,5.2337e-05,6.1424e-05,6.2562e-05,8.1536e-05,0.00015166,0.00015515,3.8286e-05,4.8423e-05,7.1301e-05,3.1768e-05,0.00010691,0.00012923,7.3402e-05,4.5985e-05,4.2734e-05,3.9946e-05,6.2614e-05,0.00011366,0.00019685,7.2496e-05,6.8757e-05,6.2568e-06,1.2816e-06,7.6272e-07,1.1698e-06,1.1224e-05,4.7536e-07,2.7823e-07,4.368e-06,1.5713e-06,7.3062e-05,3.9199e-05,0.00018061,5.9439e-05,2.114e-06,1.2462e-06,2.0559e-05,4.8821e-05,1.0179e-05,8.8728e-05,2.8906e-05,9.1523e-05,4.7404e-06,3.3966e-05,7.299e-07,1.3236e-05,1.0228e-05,0.00010096,4.8423e-05,5.3839e-05,1.6766e-05,0.00010976,5.8366e-05
8.2737e-07,1.4111e-07,7.5165e-08,5.9116e-07,5.0835e-07,1.4956e-05,3.368e-06,2.0003e-07,1.9148e-06,1.8173e-05,3.1319e-05,0.00054263,6.5948e-06,8.6708e-07,7.7207e-08,8.8759e-05,9.0005e-06,9.1863e-06,2.259e-05,1.7806e-06,1.5093e-08,2.196e-07,1.504e-06,-3.6594e-17,1.6363e-07,3.7822e-07,3.6818e-07,6.9801e-08,5.3296e-07,1.0478e-06,1.7396e-08,1.745e-08,1.9465e-06,1.422e-07,1.1588e-07,1.3979e-08,3.7733e-07,9.8415e-08,1.317e-06,1.5341e-07,2.4694e-06,2.2463e-07,3.4974e-06,3.5109e-06,3.1946e-08,1.387e-06,1.0476e-06,7.8278e-07,8.5466e-08,3.1271e-06,1.9524e-05,6.3638e-07,1.3026e-06,1.0892e-08,2.4218e-08,9.7322e-08,1.5705e-08,3.6012e-06,4.4061e-07,6.5159e-06,5.6115e-06,3.5906e-06,1.0405e-05,6.4813e-06,1.7589e-06,1.6109e-06,4.2207e-10,2.4263e-06,1.1384e-06,6.2255e-08,7.1967e-06,1.0347e-05,3.13e-06,6.9146e-06,4.0498e-06,4.446e-06,3.0101e-06,5.31e-06,4.8952e-06,2.7409e-06,5.8371e-08,9.6874e-10,4.1446e-06,1.0354e-06,4.0202e-06,1.8533e-08,2.1166e-07,9.1425e-07,1.8613e-11,2.7671e-07,1.0279e-06,2.3687e-07,2.3468e-06,1.2559e-06,1.7565e-06,1.1819e-06,8.5689e-07,2.264e-06,6.3261e-06,6.4207e-06,2.0374e-06,1.5197e-06,6.0786e-09,1.0886e-06,2.2699e-06,6.8505e-08,2.6248e-05,3.0065e-08,4.8219e-09,2.3675e-06,7.5431e-07,8.7656e-07,5.8864e-06,1.0674e-06,2.0819e-07,1.9483e-07,3.9232e-07,4.7626e-07,2.3722e-07,2.2461e-06,1.1759e-08,1.9196e-06,9.9358e-07,3.1915e-07,6.5105e-07,5.2559e-07,1.7772e-07,4.9545e-07,1.5729e-07,1.8613e-11,3.2559e-06,3.6148e-06,8.604e-07,2.1767e-05
0.0010731,3.0492e-05,8.6345e-06,4.492e-05,0.001341,0.013286,0.0031866,7.9561e-05,0.00019596,0.0014719,0.00024779,6.5948e-06,0.20853,0.00019559,0.001926,0.0001942,0.00010687,0.00013168,0.0010736,0.00052896,3.11e-06,3.0022e-05,7.8612e-06,-1.5935e-16,3.0555e-06,3.2011e-05,7.6417e-05,0.00010633,1.252e-05,0.00028885,6.5342e-05,9.8319e-05,0.00012391,6.0246e-05,3.2753e-05,1.7667e-05,2.2447e-05,7.0612e-06,0.00047314,2.1544e-05,1.0629e-05,3.9753e-08,0.00013389,0.00033503,1.0376e-05,0.00016232,0.00038635,0.0021965,3.7182e-05,4.79e-05,0.0013475,4.6919e-05,2.5066e-05,2.6358e-06,2.9383e-07,6.5316e-06,8.8972e-06,1.7137e-06,9.0276e-08,8.701e-05,9.4786e-05,4.0754e-05,0.00015148,5.1761e-05,0.00034144,0.00038245,2.3032e-05,0.00036423,9.56e-05,0.00083585,0.00063895,0.00052106,0.00041443,0.0010869,0.00047661,0.0010015,0.00018415,0.00010984,8.7571e-05,0.00024111,0.000575,0.00044548,1.5521e-05,0.0032021,0.0031158,0.0032883,0.0025032,0.00033165,0.00062561,0.0018593,0.0011725,0.0025411,0.00055671,0.0001486,0.00096182,0.0025123,0.0021801,0.0011615,0.003683,0.0060789,4.2468e-05,8.2748e-05,0.00014297,0.00010178,4.6176e-05,5.7225e-06,0.0018142,2.3762e-05,7.0019e-08,1.2805e-05,2.2391e-05,3.2208e-05,0.00010706,3.2809e-05,5.1856e-05,1.2893e-05,1.6635e-05,0.00016559,3.3925e-05,0.00037621,9.5406e-05,0.00015004,0.00015375,2.0146e-05,2.9013e-05,2.3835e-05,6.4839e-06,1.3077e-05,0.00037106,0.00062561,6.1874e-05,0.00051444,0.0032539,0.0025516
4.3903e-06,6.0778e-10,3.0764e-06,2.9183e-07,2.5949e-06,0.00034568,2.4528e-05,3.5017e-06,2.9699e-05,0.00024871,0.00010517,8.6708e-07,0.00019559,0.011429,1.2947e-05,6.2939e-06,8.0082e-05,7.6674e-05,1.0444e-06,3.511e-05,1.8862e-08,2.5843e-08,4.1217e-07,3.011e-16,2.2721e-06,9.1415e-06,1.669e-05,4.294e-06,3.068e-05,1.9191e-05,1.1397e-05,6.552e-07,9.9274e-06,4.1654e-07,1.8433e-06,7.2464e-06,5.4468e-08,1.041e-07,3.2012e-07,1.2774e-05,4.7742e-06,1.3771e-06,7.0531e-05,2.6679e-06,2.2857e-06,2.777e-05,2.586e-06,2.4685e-05,1.1513e-05,1.702e-05,5.4109e-06,4.8576e-07,4.2146e-09,2.3426e-08,6.0323e-08,1.4792e-08,7.4311e-07,2.1816e-06,5.8699e-06,2.971e-08,3.3013e-06,3.3394e-08,5.5189e-08,6.6598e-06,1.607e-06,4.8361e-09,2.2307e-06,1.2742e-07,1.3683e-07,1.2875e-05,1.7255e-05,3.2701e-05,6.6337e-05,8.3661e-06,2.1198e-05,2.0223e-06,4.6427e-06,2.6591e-07,2.8661e-06,2.1205e-06,2.933e-05,4.1971e-05,5.2653e-07,2.5814e-05,5.7367e-05,1.5309e-05,4.0225e-05,3.6761e-06,1.9851e-06,1.4974e-05,2.671e-05,5.165e-05,6.4264e-05,1.6398e-05,8.4366e-06,8.8734e-05,8.4852e-05,4.148e-05,7.6897e-05,0.00012606,1.285e-05,1.9756e-05,1.385e-06,5.1928e-06,6.618e-06,1.5834e-06,2.1631e-05,1.1228e-05,1.1145e-07,5.849e-06,1.0053e-06,1.4034e-05,1.4207e-05,8.1057e-07,5.4394e-05,1.1252e-05,6.245e-06,1.5993e-06,4.3487e-06,4.8285e-06,1.5725e-06,2.4678e-06,3.1856e-06,1.4608e-06,1.0046e-05,5.8502e-06,1.8389e-06,3.3194e-05,1.5047e-05,1.9851e-06,8.0823e-07,1.3756e-05,4.9895e-05,1.5373e-07
0.00019365,5.7466e-06,1.6671e-05,4.2705e-05,0.00032279,0.0095324,0.0009927,2.5678e-05,0.00021593,0.00054894,0.00028745,7.7207e-08,0.001926,1.2947e-05,0.17665,1.3257e-05,2.126e-05,0.0002514,0.00069243,5.4623e-05,1.6857e-07,3.9108e-07,4.1496e-06,-2.3782e-16,2.9308e-06,2.4639e-05,1.5428e-05,2.4538e-05,4.8986e-05,0.00028926,0.0001386,1.2474e-06,1.2454e-06,1.2422e-08,5.5001e-06,7.0886e-06,4.5651e-08,2.2063e-08,0.00019513,3.9557e-06,2.5949e-06,5.7984e-07,2.6763e-06,0.00014977,1.5779e-07,6.1882e-06,1.8693e-08,0.00016774,4.1083e-06,1.0168e-05,0.0008869,5.494e-05,1.8316e-05,2.5825e-05,1.3913e-05,5.1825e-06,3.4901e-06,1.1534e-06,3.3315e-07,3.0348e-07,4.3543e-05,3.6882e-06,3.2115e-06,2.6116e-07,0.00030109,0.00034352,2.6999e-05,0.00024705,0.0003251,5.8357e-05,0.00019326,7.0552e-06,2.1399e-06,0.0001977,7.9191e-05,0.00018774,1.1914e-06,2.9734e-05,6.6614e-06,3.7037e-05,3.9594e-05,0.00017466,7.6058e-06,0.0002279,0.00012,0.00021583,0.00021769,3.8251e-05,8.1154e-05,0.00011977,0.00031457,7.9155e-05,8.0233e-05,1.5916e-05,0.00033136,0.00049164,0.00045943,0.00016269,0.00099979,0.0012863,3.044e-05,2.4716e-05,1.8164e-07,6.3441e-07,2.268e-06,6.705e-06,0.00054877,1.3934e-07,1.9239e-09,3.0876e-06,1.4137e-06,0.0002188,0.00011379,4.7706e-05,9.4689e-05,7.5176e-05,5.7748e-05,3.4409e-05,1.9471e-05,2.5779e-05,1.6466e-05,2.6177e-05,3.4309e-05,3.8073e-06,2.8975e-05,5.5452e-06,1.5053e-05,9.1636e-05,0.00022173,8.1154e-05,0.00010578,1.2384e-05,0.0004536,0.0001742
7.9385e-06,1.9755e-06,1.7591e-07,1.4481e-06,4.0233e-05,0.00041221,0.00022046,9.1689e-06,4.188e-05,9.168e-05,0.00038999,8.8759e-05,0.0001942,6.2939e-06,1.3257e-05,0.013479,8.0151e-06,3.802e-05,0.0001448,5.3703e-05,5.1114e-07,3.4085e-06,4.3409e-07,-3.1968e-16,3.5988e-06,8.0903e-08,5.723e-06,2.0796e-05,3.7907e-06,4.3832e-05,1.8438e-05,5.1989e-06,1.9168e-05,1.9006e-05,1.1382e-05,2.9781e-08,2.6803e-09,2.639e-07,7.6471e-05,8.1202e-06,2.8127e-05,5.1149e-06,3.5583e-05,1.2342e-06,7.5713e-06,3.9676e-07,7.0621e-07,2.0129e-05,2.6803e-09,5.7516e-05,0.0001779,1.0834e-05,4.2198e-06,4.7173e-06,8.6555e-07,1.5329e-05,1.2349e-06,5.6013e-08,7.2341e-09,8.2135e-10,2.0844e-06,3.0564e-05,7.0514e-06,4.8277e-08,2.7697e-05,2.3524e-05,3.8919e-05,1.3284e-05,1.8966e-05,1.1132e-05,5.3062e-05,5.2284e-08,6.2188e-07,3.8592e-05,1.5046e-05,9.1428e-06,8.9334e-06,2.6883e-05,4.882e-06,1.1912e-09,1.74e-05,1.4003e-06,2.1262e-05,2.3593e-05,1.3358e-05,1.011e-05,4.5853e-06,8.824e-06,1.2335e-06,9.6204e-06,2.902e-06,7.1348e-07,3.0726e-06,3.1722e-05,3.123e-06,0.00012336,0.00014374,5.1351e-06,8.4361e-05,0.00010426,3.997e-05,3.4873e-05,4.8277e-06,3.0197e-06,5.9306e-07,8.4786e-07,0.00028644,1.3178e-05,7.8768e-09,3.1737e-06,1.9574e-08,8.9375e-05,3.7046e-05,8.1696e-06,3.4558e-05,1.7971e-05,9.9758e-06,3.5156e-05,2.5502e-05,7.786e-05,9.2215e-06,9.2533e-05,1.1801e-05,6.0495e-05,2.9443e-05,8.8018e-05,3.0374e-05,5.6625e-06,0.0001168,1.2335e-06,4.0143e-07,1.7508e-05,2.4883e-05,0.00030117
3.1281e-06,8.0362e-07,3.8805e-05,2.4846e-05,8.3971e-06,0.00045558,0.0002104,1.1905e-06,1.0692e-05,0.0025248,5.7965e-06,9.0005e-06,0.00010687,8.0082e-05,2.126e-05,8.0151e-06,0.014796,4.4715e-05,0.00094974,0.00011058,4.6494e-07,1.4618e-06,2.8762e-08,-2.0612e-16,4.907e-06,1.0049e-05,3.0144e-06,3.5479e-05,4.3295e-05,9.483e-05,0.00047363,1.2135e-06,2.4286e-05,2.195e-07,2.0988e-05,7.4997e-06,4.7155e-08,9.8464e-09,0.00020604,7.8295e-06,3.3166e-06,6.1654e-07,0.00032062,2.5503e-05,1.7291e-06,9.9241e-06,6.8873e-05,1.3689e-05,1.3059e-06,2.9079e-05,0.00080194,1.9683e-06,4.5768e-07,1.4457e-06,7.0563e-08,6.5458e-06,4.0672e-06,1.6118e-05,1.5901e-07,7.6928e-05,3.7747e-05,8.0733e-05,0.0001139,2.1495e-05,0.00019715,0.00010574,0.00018565,7.572e-05,2.8326e-05,7.927e-06,3.1687e-09,1.6051e-05,2.1219e-06,2.4159e-05,8.032e-06,2.6811e-05,4.1664e-05,6.3754e-05,2.3138e-05,9.4788e-06,1.1867e-06,4.4508e-05,8.1724e-06,5.3675e-06,8.6856e-06,6.4171e-07,1.504e-06,4.6568e-06,1.3709e-05,4.9011e-06,6.3078e-06,2.792e-05,1.4003e-05,3.1869e-05,0.00037088,0.00016858,0.00020184,4.6727e-06,1.746e-05,2.4435e-05,1.9477e-05,4.2234e-05,3.1507e-08,1.9836e-06,1.9371e-05,6.7564e-07,0.0013048,5.2078e-06,4.9078e-09,7.424e-07,1.8288e-06,0.00010107,6.193e-05,4.4901e-05,2.6824e-05,2.4141e-07,4.0374e-06,3.0567e-05,4.6126e-05,4.385e-05,3.8857e-05,3.9702e-05,4.9271e-05,5.3562e-05,3.9268e-05,6.1436e-05,4.704e-05,4.4954e-05,0.0001075,1.3709e-05,3.4286e-06,2.9413e-06,6.0844e-05,0.00039673
0.00056109,3.9956e-05,4.577e-05,0.00037373,0.00050267,2.228e-06,0.00029805,1.4057e-07,1.8055e-06,0.00052442,2.257e-05,9.1863e-06,0.00013168,7.6674e-05,0.0002514,3.802e-05,4.4715e-05,0.24884,0.00023968,0.00024026,1.2886e-05,0.00036372,3.5618e-09,-2.2146e-17,0.00040921,1.2977e-05,8.0378e-10,0.00094106,0.00033416,9.4011e-06,0.00023073,6.9997e-06,0.00052892,6.5574e-06,2.7801e-06,3.9114e-05,4.06e-07,5.7821e-06,0.0019888,3.6724e-05,1.6896e-05,4.3409e-07,0.0017081,0.0035229,4.4595e-05,0.00033137,0.0004457,0.00066774,0.00027518,0.00043208,0.00015316,0.00053901,0.00036456,1.2128e-06,3.0941e-06,0.00014331,0.00037967,0.000594,4.2778e-05,1.6883e-07,7.9816e-05,5.4751e-06,8.8245e-05,3.3284e-05,0.00088901,0.00079668,0.00041223,0.00086555,0.0008047,0.00065068,0.00024673,0.0018356,0.0015257,0.00020248,0.00060798,3.9411e-05,1.7616e-06,3.6528e-05,0.00050888,0.00049018,0.0014022,0.0022301,0.00027789,0.0019761,0.0018047,0.00099614,0.00084664,0.00025329,6.5736e-05,0.0022258,0.00053786,0.0018241,0.0014071,0.0012061,0.012693,0.00089773,0.0011702,0.001486,6.2398e-05,2.3492e-05,0.00033996,0.00029724,5.2694e-06,0.00013587,0.00076756,1.2304e-05,0.00062066,0.0040128,7.8266e-06,0.0021492,0.00016897,0.00068213,0.00035289,0.018965,0.022476,0.00010496,0.00011612,0.0001044,0.00071019,0.00012544,0.00093726,0.00019696,0.0011435,0.0002242,0.00085893,0.00028593,0.00066618,3.4768e-05,0.00080575,6.5736e-05,0.00029828,3.4743e-05,0.00098882,3.0115e-06
0.00012486,3.667e-06,4.7775e-05,7.45e-05,0.00030843,0.0031841,0.003026,6.1961e-07,1.6099e-06,0.0069722,6.4956e-07,2.259e-05,0.0010736,1.0444e-06,0.00069243,0.0001448,0.00094974,0.00023968,0.1876,0.003147,5.7535e-06,2.9568e-05,4.9852e-06,-1.4394e-16,3.3666e-05,0.00010314,6.6752e-06,0.00064292,0.00014055,4.1175e-05,0.0075676,2.4718e-05,0.00010515,4.2205e-05,0.00011449,6.5995e-05,6.3135e-06,4.1371e-05,0.0035995,0.00036722,0.00036523,1.5477e-05,0.0028934,0.0015173,0.00010863,0.00036527,9.5799e-05,0.00033679,0.00010363,0.000369,0.060505,0.00015409,1.9505e-05,2.9127e-07,9.4109e-07,9.2587e-05,0.00010107,3.2446e-05,1.9722e-05,0.0013101,0.00030405,0.00034186,0.0015164,0.00019673,0.00061986,6.5294e-05,0.00070945,0.0003405,5.3095e-05,0.00063426,0.00097574,0.00022315,3.5451e-05,0.00017797,2.8678e-05,0.00032702,2.6736e-06,0.00035434,0.0037203,0.0014298,0.0025791,0.00071114,0.00028543,0.00043686,0.00078614,0.00063001,0.00060221,0.00017397,0.00010238,0.0017454,0.0006125,0.0020866,0.00059636,0.0013245,0.011508,0.0062293,0.0062396,0.0017976,0.0052804,0.005587,0.00084019,0.00057658,0.00011919,0.00027522,0.00097577,2.7336e-05,0.034118,0.0005626,2.5833e-07,6.6523e-05,4.522e-05,0.0029297,0.0073597,0.002645,0.00079166,1.739e-05,7.5562e-05,0.00054362,0.00059413,0.0017861,0.0012316,0.0009244,0.00098976,0.0015833,0.0011513,0.0024636,0.0014096,0.0019007,0.00017588,0.00010238,0.00023081,0.00018701,0.0022909,0.0019047
0.009774,0.00094453,0.00062558,0.002472,0.0080946,3.4249e-05,0.00027539,8.992e-06,4.1104e-06,0.00056299,5.9508e-05,1.7806e-06,0.00052896,3.511e-05,5.4623e-05,5.3703e-05,0.00011058,0.00024026,0.003147,0.17951,4.2098e-07,4.4053e-07,1.5305e-06,3.3492e-16,5.4173e-06,0.00014542,0.00024043,0.00017241,0.0010543,0.002671,0.0003269,3.849e-05,0.0003092,8.5314e-05,4.0318e-06,5.0402e-05,6.3663e-05,2.1199e-05,0.00096325,0.00012104,0.00015529,2.716e-05,0.00030226,0.00012071,0.00045419,0.0058101,0.003317,0.011949,3.5068e-05,0.00013704,0.0021276,0.00078801,0.00088492,0.00024253,9.6764e-05,0.00015725,0.00029879,0.00034824,0.00039076,0.0072211,0.0058246,0.0042426,0.0076887,0.0049859,0.0052947,0.0048743,0.0043448,0.0054381,0.004633,0.0028815,0.0064862,0.0072029,0.0057897,0.0079061,0.0058992,0.0064226,0.0038307,0.003056,0.0055558,0.0052484,0.00224,0.00085477,0.0011798,0.015433,0.017128,0.015216,0.011922,0.0023502,0.0025556,0.0026198,0.0029619,0.0038283,0.0018263,0.00034975,0.0009809,0.0019386,0.0015295,0.0034319,0.0061835,0.0095548,0.0011514,0.00043566,5.0888e-05,6.9769e-05,3.2379e-05,5.277e-05,0.0030207,3.3542e-05,1.8194e-06,1.725e-05,1.1588e-05,0.0002323,0.0024959,0.0019232,0.00064115,5.0392e-05,7.4486e-05,0.0013383,0.0010441,0.0012659,0.0010895,0.0014213,0.0009535,0.0014031,0.00083611,0.00097969,0.00076079,0.00012672,0.00017966,0.0025556,0.0029164,0.00046743,0.015373,2.2889e-05
1.3819e-06,2.7413e-07,2.2914e-07,4.8504e-09,3.959e-08,1.2291e-07,6.9823e-06,6.2563e-08,3.2315e-07,1.462e-06,2.3032e-07,1.5093e-08,3.11e-06,1.8862e-08,1.6857e-07,5.1114e-07,4.6494e-07,1.2886e-05,5.7535e-06,4.2098e-07,0.00010757,3.7532e-08,1.6922e-06,-3.0213e-17,4.1798e-06,3.6898e-10,1.0543e-06,8.6514e-06,3.4142e-06,7.7424e-07,3.3293e-06,1.1736e-07,1.5063e-06,2.2269e-07,1.231e-06,1.2257e-06,4.0312e-07,2.4056e-06,3.7692e-10,2.816e-07,1.5893e-07,3.6622e-08,1.424e-06,2.7294e-07,7.2708e-08,1.9957e-07,2.2464e-06,2.5202e-06,3.2983e-08,8.1372e-08,3.7855e-06,9.9588e-07,1.111e-06,3.4162e-09,3.3846e-08,8.19e-08,5.5738e-07,6.1945e-07,4.4951e-08,9.5853e-08,6.4196e-09,4.0338e-07,2.371e-08,8.9115e-09,1.6264e-06,6.1285e-08,7.7587e-07,2.8247e-07,8.9698e-09,6.1091e-07,6.4163e-07,9.2305e-07,5.9877e-07,2.419e-07,1.6858e-08,7.6236e-09,5.6168e-07,4.1707e-07,2.6686e-07,1.7099e-08,3.5371e-06,4.503e-06,2.6208e-06,1.2917e-06,1.729e-07,7.9589e-07,6.9012e-07,1.3085e-07,3.7005e-07,7.9333e-08,2.3156e-06,1.0706e-06,1.8325e-06,1.9467e-06,4.0678e-06,3.8547e-06,4.3711e-06,8.1076e-06,6.4814e-06,6.0599e-06,1.7041e-06,1.0146e-06,1.1533e-07,7.6955e-09,2.8727e-08,1.3402e-08,5.2944e-06,4.0273e-07,1.7859e-07,1.1887e-06,4.7245e-08,1.4542e-07,4.2498e-07,8.7986e-07,3.0874e-06,2.262e-08,7.3729e-08,3.4319e-07,1.5784e-07,6.4729e-07,2.1823e-07,1.7918e-07,8.4043e-09,2.027e-06,1.3115e-06,2.3182e-07,3.7438e-08,1.5722e-07,2.4256e-07,3.7005e-07,7.0454e-08,1.91e-06,3.9793e-06,3.5364e-06
8.4522e-07,3.6622e-08,8.7975e-07,6.0307e-07,2.0696e-06,2.4501e-06,3.2886e-06,3.3207e-08,6.4757e-07,1.9735e-06,2.7531e-06,2.196e-07,3.0022e-05,2.5843e-08,3.9108e-07,3.4085e-06,1.4618e-06,0.00036372,2.9568e-05,4.4053e-07,3.7532e-08,0.0013308,4.4343e-08,5.2306e-17,6.2691e-07,3.3863e-07,2.9675e-08,3.1035e-08,3.6977e-08,5.4242e-06,3.4742e-05,1.9202e-08,7.6013e-08,1.3689e-06,1.932e-07,2.8532e-11,3.8494e-09,1.8059e-07,3.3465e-05,8.623e-06,8.2606e-07,4.655e-07,4.0304e-06,9.3455e-05,9.6682e-08,4.9815e-07,4.1916e-06,9.3236e-06,2.6559e-07,2.5459e-07,2.7475e-05,1.2392e-06,7.0707e-07,9.2449e-08,1.5975e-07,2.0832e-06,2.6158e-07,3.7025e-06,4.3979e-07,3.2171e-06,6.4135e-06,2.4494e-07,5.7678e-06,1.2479e-07,4.1508e-07,8.9968e-08,1.6582e-06,3.8736e-06,3.0168e-07,1.0243e-05,4.7773e-06,8.9992e-06,1.2036e-05,1.8746e-07,4.627e-07,2.0584e-06,5.0746e-08,1.5505e-06,1.6239e-07,2.9636e-06,1.7824e-05,2.3863e-05,1.1262e-06,1.4708e-05,2.2756e-05,6.0609e-06,2.5263e-06,2.0793e-06,2.5511e-06,6.9698e-06,5.161e-06,3.2707e-05,5.2823e-06,1.1237e-05,8.5689e-05,2.6227e-05,3.0067e-05,1.1739e-05,1.1189e-05,1.5991e-05,5.2481e-07,2.4687e-07,1.1684e-05,4.4675e-05,8.4333e-09,2.4392e-07,4.6564e-05,4.548e-06,1.199e-08,6.6434e-06,6.0052e-07,8.9614e-07,1.584e-05,4.2331e-05,3.0493e-05,8.4852e-07,1.1076e-06,2.9246e-06,1.2654e-05,7.6102e-06,9.0332e-06,9.5771e-07,4.0352e-06,5.6022e-06,3.415e-06,4.0872e-06,5.912e-06,1.0814e-05,1.0396e-05,2.5511e-06,1.4052e-08,8.7459e-08,5.7275e-06,8.074e-06
1.5277e-07,2.0326e-07,2.5459e-07,6.7193e-09,7.8567e-07,2.1178e-09,5.9908e-07,4.8775e-08,2.4964e-07,6.8882e-08,4.6604e-06,1.504e-06,7.8612e-06,4.1217e-07,4.1496e-06,4.3409e-07,2.8762e-08,3.5618e-09,4.9852e-06,1.5305e-06,1.6922e-06,4.4343e-08,0.00012698,1.091e-17,4.4252e-07,3.6358e-09,1.3111e-07,1.1417e-06,2.8521e-07,1.9322e-06,1.1722e-07,6.552e-09,1.3838e-06,1.8844e-07,3.2796e-08,3.1873e-08,3.7368e-07,3.8635e-07,4.64e-08,8.1249e-07,6.5254e-07,4.3268e-08,2.174e-06,5.6647e-07,3.296e-07,1.3231e-06,1.6747e-06,1.9748e-07,3.7368e-07,4.6859e-07,1.3195e-05,1.1312e-06,2.3555e-06,1.808e-06,8.5706e-08,1.0573e-08,9.0478e-09,2.1624e-07,2.2988e-08,2.4289e-06,6.6639e-07,5.6847e-06,9.5149e-07,4.4362e-07,1.3674e-06,1.9943e-06,4.4825e-06,4.1508e-07,2.9923e-08,1.6959e-07,2.3526e-06,1.541e-06,9.9752e-07,3.2255e-06,3.95e-06,2.4976e-06,1.5255e-06,1.7118e-06,5.7547e-07,9.2462e-07,1.2978e-07,3.4282e-09,1.1446e-06,6.8935e-08,7.1133e-07,9.0126e-08,6.0646e-07,8.4386e-07,2.5231e-09,2.7348e-07,7.8932e-07,1.2676e-07,2.2581e-07,7.378e-07,1.0969e-06,5.1347e-07,1.613e-07,6.83e-07,2.0515e-06,1.0517e-06,1.5482e-06,8.3805e-07,2.6575e-08,1.8163e-08,1.1107e-08,1.5834e-08,2.5437e-05,1.1228e-07,1.1145e-09,3.296e-07,5.5818e-08,1.8093e-07,2.1688e-06,1.0145e-07,4.1014e-07,2.4711e-07,3.1411e-07,3.0093e-07,3.4618e-08,3.1577e-07,6.0826e-08,3.0189e-07,1.3723e-07,1.1505e-06,3.2882e-07,4.0481e-07,9.7041e-08,1.5963e-06,1.9786e-07,2.5231e-09,8.358e-09,5.3807e-07,9.0937e-07,1.3599e-07
-4.2982e-16,5.9104e-16,4.1008e-16,-3.9108e-16,-5.7591e-16,-1.5392e-15,8.9144e-16,-1.7063e-16,-3.3488e-16,-7.5956e-16,-8.8898e-16,-3.6594e-17,-1.5935e-16,3.011e-16,-2.3782e-16,-3.1968e-16,-2.0612e-16,-2.2146e-17,-1.4394e-16,3.3492e-16,-3.0213e-17,5.2306e-17,1.091e-17,3.7004e-31,-1.7008e-24,-3.6188e-24,-2.5512e-24,-5.2472e-24,-1.0151e-23,-3.4921e-23,-3.1158e-23,-2.6236e-24,-4.4873e-24,-3.3293e-24,-1.918e-24,-1.9361e-24,-2.0808e-24,-2.0084e-24,-2.0681e-23,-6.351e-24,-3.8902e-24,-1.4656e-24,-1.5163e-23,-7.4728e-24,-5.5367e-24,-2.088e-23,-2.1894e-23,-4.7949e-23,-2.0808e-24,-4.7587e-24,-2.8787e-23,-6.1791e-23,-1.1544e-23,-6.4957e-24,-2.0627e-24,-5.6634e-24,-5.7177e-24,-7.0349e-23,-5.3196e-24,-3.0145e-23,-2.4915e-23,-2.6381e-23,-3.2424e-23,-2.705e-23,-4.9252e-23,-2.2726e-23,-5.5349e-23,-2.3703e-23,-5.6272e-23,-2.5259e-23,-4.5941e-23,-2.4716e-23,-1.9813e-23,-3.5012e-23,-2.6779e-23,-2.7105e-23,-1.509e-23,-1.2412e-23,-2.1315e-23,-1.6357e-23,-3.7672e-23,-4.7497e-23,-8.4318e-24,-4.3371e-23,-2.8787e-23,-2.468e-23,-2.1731e-23,-8.1966e-24,-9.2279e-24,-6.1176e-23,-1.2648e-23,-1.9849e-23,-2.032e-23,-2.9674e-23,-4.0259e-23,-3.4071e-23,-2.9276e-23,-1.9668e-23,-2.3631e-23,-3.123e-23,-1.9704e-23,-9.6441e-24,-7.5506e-23,-4.1435e-24,-5.6453e-24,-8.866e-25,-4.1924e-23,-5.5548e-24,-2.3522e-25,-5.5367e-24,-1.6646e-24,-5.9402e-23,-5.7557e-23,-4.1906e-23,-4.3172e-23,-4.7949e-24,-5.5006e-24,-5.7322e-23,-2.0862e-23,-6.0235e-23,-2.1098e-23,-5.7611e-23,-2.0754e-23,-5.9547e-23,-1.9035e-23,-6.2189e-23,-1.6737e-23,-7.2937e-23,-3.8214e-23,-9.2279e-24,-1.5326e-23,-1.7189e-23,-3.8323e-23,-1.3371e-23
5.5401e-07,4.2363e-06,7.775e-07,6.0786e-07,3.7504e-06,4.0176e-06,1.9655e-05,5.4885e-06,1.6858e-06,4.986e-05,1.3744e-06,1.6363e-07,3.0555e-06,2.2721e-06,2.9308e-06,3.5988e-06,4.907e-06,0.00040921,3.3666e-05,5.4173e-06,4.1798e-06,6.2691e-07,4.4252e-07,-1.7008e-24,0.0017392,6.2204e-07,2.3739e-12,2.407e-05,1.9119e-06,1.6239e-05,1.785e-05,1.7418e-06,9.2725e-06,3.4218e-06,2.8776e-06,3.3624e-07,4.1534e-08,8.3021e-08,8.7702e-08,2.4836e-06,6.9043e-08,1.55e-08,9.4988e-07,4.7289e-06,5.5141e-08,8.8997e-06,2.8486e-05,2.1255e-05,1.3366e-06,5.9874e-06,9.8459e-05,2.8772e-06,1.1837e-05,2.3103e-06,3.7692e-08,3.6507e-07,1.5326e-06,6.8718e-09,1.0518e-06,6.1866e-06,1.1044e-05,8.6899e-07,3.5747e-06,2.4166e-05,2.1358e-07,3.1919e-07,1.6587e-06,3.4477e-06,1.2353e-08,2.8678e-06,1.0308e-05,7.6381e-06,5.8252e-06,3.0428e-07,1.3102e-06,7.4843e-07,1.5708e-06,8.9845e-06,2.5283e-05,5.6764e-06,6.5642e-06,2.0902e-05,1.7594e-06,8.7014e-07,3.7235e-06,1.7225e-07,7.1943e-07,4.2905e-07,9.3811e-07,7.4413e-06,5.3675e-06,1.1973e-05,2.7115e-06,2.6545e-05,2.0013e-06,1.6652e-05,1.0764e-05,3.8457e-07,6.6053e-05,4.0173e-05,1.1254e-06,2.7327e-06,1.9903e-06,2.5875e-07,3.8958e-06,1.7959e-06,0.0002151,3.7233e-05,1.5757e-08,8.6339e-06,7.8914e-07,2.5674e-05,3.9593e-05,7.16e-07,5.2268e-06,5.8571e-07,1.9034e-07,6.1277e-06,5.0126e-06,4.0453e-06,4.1526e-06,7.593e-06,8.5839e-06,2.3406e-06,1.8066e-06,8.7687e-06,7.6204e-08,5.807e-07,3.46e-05,9.3811e-07,5.2233e-06,6.8279e-06,3.2669e-05,2.6048e-05
0.00015993,9.9442e-06,3.4465e-06,0.00013418,1.9107e-05,1.625e-06,5.66e-07,2.4974e-07,1.3736e-07,3.8469e-07,9.0478e-07,3.7822e-07,3.2011e-05,9.1415e-06,2.4639e-05,8.0903e-08,1.0049e-05,1.2977e-05,0.00010314,0.00014542,3.6898e-10,3.3863e-07,3.6358e-09,-3.6188e-24,6.2204e-07,0.0074914,0.00012445,0.0019678,0.00020487,0.00056705,0.001124,1.1339e-05,0.00086181,8.7719e-05,3.6179e-06,9.1926e-05,5.7915e-05,2.0423e-05,0.00028434,7.4905e-05,2.1786e-06,2.2773e-06,2.9696e-05,2.1727e-05,3.5082e-06,0.00010589,7.5452e-05,0.00023766,0.00046928,0.0013178,0.00017407,4.6755e-06,7.5324e-07,1.4992e-08,5.7003e-09,9.8138e-07,9.4649e-08,2.113e-06,3.6036e-07,1.8529e-05,1.5175e-05,2.4515e-05,3.9051e-05,6.8408e-05,2.2067e-05,1.0292e-05,6.5269e-06,2.7794e-05,2.4626e-05,4.46e-05,9.0025e-05,6.0031e-05,5.5093e-05,3.1111e-05,5.8867e-05,7.6705e-06,2.9718e-07,1.7401e-06,1.8986e-05,4.6421e-05,0.00012478,6.6332e-05,4.8948e-06,0.00021527,0.00013773,0.00013172,0.00013732,5.3967e-06,7.1203e-06,0.00015235,7.6708e-05,0.00018845,8.5013e-06,3.4235e-05,0.00022716,0.00018142,0.00016758,8.3826e-05,0.00024271,0.00026488,0.0002431,0.00014808,5.3417e-05,0.00042769,4.8535e-06,1.0134e-06,0.00036262,1.032e-05,3.4683e-08,7.7264e-06,2.8105e-07,4.9863e-06,1.1231e-05,1.7209e-05,4.1203e-05,6.2328e-07,4.5043e-07,4.6942e-05,1.0518e-05,2.4438e-05,1.566e-06,3.9077e-05,7.773e-06,1.5394e-05,2.8107e-06,1.4346e-06,4.7451e-06,3.7332e-06,2.9837e-05,7.1203e-06,1.8991e-05,1.6443e-05,0.00016324,4.9733e-08
0.00032001,3.3088e-05,2.9998e-05,6.9723e-05,0.00031108,2.1097e-05,3.0435e-05,2.1734e-06,1.0173e-07,1.9999e-05,1.4428e-05,3.6818e-07,7.6417e-05,1.669e-05,1.5428e-05,5.723e-06,3.0144e-06,8.0378e-10,6.6752e-06,0.00024043,1.0543e-06,2.9675e-08,1.3111e-07,-2.5512e-24,2.3739e-12,0.00012445,0.0038284,0.00023385,0.00012921,0.00048007,0.00012823,3.919e-06,0.00022481,8.3193e-05,2.6827e-06,4.9888e-05,2.6358e-05,1.1416e-05,4.3085e-05,1.586e-05,1.3584e-05,2.3922e-06,3.594e-05,3.369e-05,2.1345e-06,0.00016259,9.3572e-05,0.00035691,0.00010242,0.0001565,3.3847e-05,3.5333e-05,3.2702e-05,1.8661e-05,3.9019e-06,1.3149e-05,9.7932e-06,7.9646e-06,8.9685e-06,5.1101e-05,3.4746e-05,6.9687e-05,0.00011585,4.7684e-05,7.3954e-05,8.9498e-05,3.8784e-05,5.3557e-05,2.6555e-05,0.00010307,0.00011714,0.00018934,0.00019765,9.2135e-05,9.6874e-05,8.3328e-05,4.8436e-05,2.9994e-05,4.8491e-05,0.0001742,8.6171e-05,2.0024e-05,0.00010975,0.00054318,0.00074402,0.00065287,0.00061439,8.4784e-05,0.00016932,0.0001501,0.00018085,0.00018432,0.00018457,5.801e-05,5.6264e-05,0.00022041,0.00023169,0.00025918,0.00028882,0.00052709,0.00029808,0.00031207,6.9055e-05,9.6613e-05,1.8882e-06,6.5737e-08,4.0452e-05,1.0626e-05,3.5452e-08,5.6056e-06,7.5222e-10,1.9291e-07,1.7303e-06,3.1425e-05,6.6806e-05,1.6486e-06,1.2337e-06,2.2437e-05,5.4807e-05,9.088e-06,3.9286e-05,2.0523e-05,7.1691e-05,2.8105e-05,4.2357e-05,4.2683e-06,2.6031e-05,4.0256e-06,2.3342e-06,0.00016932,5.0095e-06,2.3292e-05,0.00034924,1.172e-06
